0.474614843363
6.85643985333
3.27909672659
6.54087341919
2.67823147131
4.23036756613
8.38969547498
3.22532933871
7.94648931943

0.857524343961
6.88604134118
4.39255735633
6.30911490232
3.60243903866
4.61750764062
8.0798335068
4.22067737107
8.36649847126

1.21923536379
6.96706642314
5.49301161423
6.1467143505
4.47289648608
5.15562464479
7.84828413866
5.15202382624
8.94905620096

1.56410522735
7.09116566539
6.58941978371
6.04628527863
5.29496434397
5.83312671735
7.68650851991
6.02260668805
9.68063889046

1.89572885364
7.25104955851
7.68917632885
6.00120602255
6.07319341395
6.6395219093
7.58667441
6.83521366719
10.5484929939

2.21704809593
7.44020648954
8.79831560947
6.00552526604
6.8111415125
7.56526258833
7.54158676543
7.5919131754
11.5405459469

2.53043759955
7.65268276308
9.92166627682
6.05386224082
7.51126614283
8.60156118422
7.54460635003
8.29389225349
12.6452727459

