5.31842430906
1.97945257128
1.86861454155
1.62156515424
0.0986441624096
2.60393667092
7.07942539775
8.10072192912
5.62085760001
1.60305846662
7.01660355423
6.03989915709
2.82158446292
7.76318029398
2.70766895585
0.781259713643
1.74382120878
8.68196647048
9.44543207513
1.72627051105
3.28350439075
7.58516786217
1.90217751234
9.87177314953
7.56637587326
9.32074421229
5.59742196387
6.25315015859
2.87052171181
5.97822945853

5.1180860048
2.80960141578
2.17513088744
1.53018989473
0.347965417533
2.57852538631
7.14070318963
9.00914047511
6.90808114789
1.92787117187
7.18736971357
7.13587389698
3.11808021278
8.14890581319
3.98466755824
0.839013403351
1.8246187232
8.83798485841
8.98228238129
3.1265203719
3.52401537527
7.24418844118
2.71965577623
10.0354551522
7.6716379736
10.2884855232
7.09260728529
6.05019245178
3.68549780305
6.36976393049

4.97957692945
3.59345162773
2.61792689794
1.45925642609
0.581940497157
2.59594691114
7.25280942676
9.8642373841
8.32900988265
2.24344108438
7.38737165719
8.24314422917
3.41992974881
8.55330364058
5.30660286506
0.898149722542
1.91087871006
9.00522244435
8.63093666072
4.43623625527
3.99887605613
6.97271648129
3.48786408289
10.335575513
7.82864882657
11.1946051834
8.72822143623
5.90831077286
4.45414461155
6.89361881573

4.89640941135
4.33740632883
3.18691671335
1.40661747036
0.80340332007
2.65289607427
7.4094951042
10.6656024991
9.87240472572
2.55207691874
7.61082463558
9.36650146968
3.72793218231
8.97144191976
6.6759237246
0.958913461793
2.00255534757
9.18442684633
8.3792546364
5.66122975816
4.688884938
6.76362533738
4.20941312909
10.7615402415
8.03060620799
12.0370213244
10.4915041708
5.82106080318
5.18075500143
7.5397671968

