0.343270777955
0.781259713643
1.74382120878
6.29424106752
9.44543207513
1.72627051105
0.598488223602
7.58516786217
1.90217751234

0.369550114096
0.83127025898
1.84849193226
6.48331252798
10.3898837697
3.30540062768
1.01768900192
7.63396749916
3.16194049325

0.397253322789
0.884930391344
1.95997562906
6.71770680248
11.2958904909
5.01963666273
1.41466571175
7.74104470806
4.40959285198

0.426513946903
0.942392651656
2.07878286204
6.99239782378
12.1609104095
6.86024804569
1.79424845153
7.89647219047
5.6552465344

